date,threads,elapsed,min,max,avg,last,cnt,tps,bytes,bps,err,reason,remove
Sun Jun 27 10:15:56 CEST 2021,0,1004,0,0,0.0,0,0,0.0,0,0,0,0,Interval
Sun Jun 27 10:15:57 CEST 2021,0,2015,0,0,0.0,0,0,0.0,0,0,0,0,Interval
Sun Jun 27 10:15:58 CEST 2021,0,3015,0,0,0.0,0,0,0.0,0,0,0,0,Interval
Sun Jun 27 10:15:59 CEST 2021,0,4016,0,0,0.0,0,0,0.0,0,0,0,0,Interval
Sun Jun 27 10:16:00 CEST 2021,0,5017,0,0,0.0,0,0,0.0,0,0,0,0,Interval
Sun Jun 27 10:16:01 CEST 2021,0,6018,0,0,0.0,0,0,0.0,0,0,0,0,Interval
Sun Jun 27 10:16:02 CEST 2021,0,7019,0,0,0.0,0,0,0.0,0,0,0,0,Interval
Sun Jun 27 10:16:03 CEST 2021,0,8019,0,0,0.0,0,0,0.0,0,0,0,0,Interval
Sun Jun 27 10:16:04 CEST 2021,0,9020,0,0,0.0,0,0,0.0,0,0,0,0,Interval
Sun Jun 27 10:16:05 CEST 2021,0,10020,0,0,0.0,0,0,0.0,0,0,0,0,Interval
Sun Jun 27 10:16:06 CEST 2021,5,11027,0,0,0.0,0,0,0.0,0,0,0,0,Interval
Sun Jun 27 10:16:07 CEST 2021,5,12028,0,0,0.0,0,0,0.0,0,0,0,0,Interval
Sun Jun 27 10:16:08 CEST 2021,5,13041,0,0,0.0,0,0,0.0,0,0,0,0,Interval
Sun Jun 27 10:16:09 CEST 2021,5,14041,0,0,0.0,0,0,0.0,0,0,0,0,Interval
Sun Jun 27 10:16:10 CEST 2021,5,15044,0,0,0.0,0,0,0.0,0,0,0,0,Interval
Sun Jun 27 10:16:11 CEST 2021,5,16053,0,0,0.0,0,0,0.0,0,0,0,0,Interval
Sun Jun 27 10:16:12 CEST 2021,5,17064,0,0,0.0,0,0,0.0,0,0,0,0,Interval
Sun Jun 27 10:16:13 CEST 2021,5,18065,0,0,0.0,0,0,0.0,0,0,0,0,Interval
Sun Jun 27 10:16:17 CEST 2021,5,22215,0,0,0.0,0,0,0.0,0,0,0,0,Interval
Sun Jun 27 10:16:18 CEST 2021,0,23216,0,0,0.0,0,0,0.0,0,0,0,0,Interval
Sun Jun 27 10:16:20 CEST 2021,0,24280,0,0,0.0,0,0,0.0,0,0,0,0,Interval
Sun Jun 27 10:16:21 CEST 2021,0,25314,0,0,0.0,0,0,0.0,0,0,0,0,Interval
Sun Jun 27 10:16:22 CEST 2021,0,26314,2512,2512,2512.0,2512,1,0.07,1647881,127841,0,2512,Interval
Sun Jun 27 10:16:23 CEST 2021,0,27315,2158,3454,2806.0,3100,2,0.14,3296819,244680,0,5612,Interval
Sun Jun 27 10:16:24 CEST 2021,0,28322,2086,4490,3063.4,3116,5,0.37,8243102,611052,0,15317,Interval
Sun Jun 27 10:16:25 CEST 2021,0,29322,2086,4490,3063.4,3116,5,0.37,8243102,611052,0,15317,Interval
Sun Jun 27 10:16:26 CEST 2021,0,30323,2086,4490,3063.4,3116,5,0.37,8243102,611052,0,15317,Interval
Sun Jun 27 10:16:27 CEST 2021,5,31324,2086,4490,3063.4,3116,5,0.37,8243102,611052,0,15317,Interval
Sun Jun 27 10:16:28 CEST 2021,5,32324,2086,4490,3063.4,3116,5,0.37,8243102,611052,0,15317,Interval
Sun Jun 27 10:16:29 CEST 2021,5,33325,2086,4490,3063.4,3116,5,0.37,8243102,611052,0,15317,Interval
Sun Jun 27 10:16:30 CEST 2021,5,34325,2086,4490,3063.4,3116,5,0.37,8243102,611052,0,15317,Interval
Sun Jun 27 10:16:31 CEST 2021,5,35332,2086,4490,3063.4,3116,5,0.37,8243102,611052,0,15317,Interval
Sun Jun 27 10:16:32 CEST 2021,5,36333,2086,4490,3063.4,3116,5,0.37,8243102,611052,0,15317,Interval
Sun Jun 27 10:16:33 CEST 2021,5,37333,2086,4490,3063.4,3116,5,0.37,8243102,611052,0,15317,Interval
Sun Jun 27 10:16:34 CEST 2021,5,38344,2086,4490,3063.4,3116,5,0.37,8243102,611052,0,15317,Interval
Sun Jun 27 10:16:35 CEST 2021,5,39345,2086,4490,3063.4,3116,5,0.37,8243102,611052,0,15317,Interval
Sun Jun 27 10:16:36 CEST 2021,0,40345,2086,4490,3063.4,3116,5,0.37,8243102,611052,0,15317,Interval
Sun Jun 27 10:16:37 CEST 2021,0,41410,2086,4490,3063.4,3116,5,0.37,8243102,611052,0,15317,Interval
Sun Jun 27 10:16:39 CEST 2021,0,43502,2086,4490,3063.4,3116,5,0.37,8243102,611052,0,15317,Interval
Sun Jun 27 10:16:40 CEST 2021,0,44503,2086,4490,3063.4,3116,5,0.37,8243102,611052,0,15317,Interval
Sun Jun 27 10:16:41 CEST 2021,0,45654,2020,4808,3079.66,3161,6,0.17,9901296,292937,0,18478,Interval
Sun Jun 27 10:16:42 CEST 2021,0,46974,2005,4808,3016.71,2639,7,0.21,11560017,347418,0,21117,Interval
Sun Jun 27 10:16:43 CEST 2021,0,47974,2005,4808,3016.71,2639,7,0.21,11560017,347418,0,21117,Interval
Sun Jun 27 10:16:44 CEST 2021,0,48975,2002,4921,2997.75,2865,8,0.23,13219309,393572,0,23982,Interval
Sun Jun 27 10:16:45 CEST 2021,0,49979,2002,4921,2997.75,2865,8,0.23,13219309,393572,0,23982,Interval
Sun Jun 27 10:16:46 CEST 2021,5,50980,2002,6410,3181.33,4650,9,0.25,14879170,420541,0,28632,Interval
Sun Jun 27 10:16:47 CEST 2021,5,51981,2002,6622,3367.2,5040,10,0.28,16541075,463478,1,32477,Interval
Sun Jun 27 10:16:48 CEST 2021,5,52993,2002,6622,3367.2,5040,10,0.28,16541075,463478,1,32477,Interval
Sun Jun 27 10:16:49 CEST 2021,5,54090,2002,6622,3367.2,5040,10,0.28,16541075,463478,1,32477,Interval
Sun Jun 27 10:16:50 CEST 2021,5,55121,2002,6622,3367.2,5040,10,0.28,16541075,463478,1,32477,Interval
Sun Jun 27 10:16:51 CEST 2021,5,56127,2002,6622,3367.2,5040,10,0.28,16541075,463478,1,32477,Interval
Sun Jun 27 10:16:52 CEST 2021,5,57128,2002,6622,3367.2,5040,10,0.28,16541075,463478,1,32477,Interval
Sun Jun 27 10:16:53 CEST 2021,5,58130,2002,6622,3367.2,5040,10,0.28,16541075,463478,1,32477,Interval
Sun Jun 27 10:16:54 CEST 2021,5,59131,2002,6622,3367.2,5040,10,0.28,16541075,463478,1,32477,Interval
Sun Jun 27 10:16:55 CEST 2021,0,60140,2002,6622,3367.2,5040,10,0.28,16541075,463478,1,32477,Interval
Sun Jun 27 10:16:56 CEST 2021,0,61144,2002,6622,3367.2,5040,10,0.28,16541075,463478,1,32477,Interval
Sun Jun 27 10:16:57 CEST 2021,0,62145,2002,6622,3367.2,5040,10,0.28,16541075,463478,1,32477,Interval
Sun Jun 27 10:16:58 CEST 2021,0,63146,2002,6622,3367.2,5040,10,0.28,16541075,463478,1,32477,Interval
Sun Jun 27 10:16:59 CEST 2021,0,64147,2002,6622,3367.2,5040,10,0.28,16541075,463478,1,32477,Interval
Sun Jun 27 10:17:02 CEST 2021,0,66725,2002,6622,3367.2,5040,10,0.28,16541075,463478,1,32477,Interval
Sun Jun 27 10:17:03 CEST 2021,0,67757,2002,6622,3367.2,5040,10,0.28,16541075,463478,1,32477,Interval
Sun Jun 27 10:17:04 CEST 2021,0,69084,2002,6622,3367.2,5040,10,0.28,16541075,463478,1,32477,Interval
Sun Jun 27 10:17:06 CEST 2021,5,70631,2002,6622,3367.2,5040,10,0.28,16541075,463478,1,32477,Interval
Sun Jun 27 10:17:07 CEST 2021,5,71740,2002,6622,3367.2,5040,10,0.28,16541075,463478,1,32477,Interval
Sun Jun 27 10:17:08 CEST 2021,5,72743,2002,6622,3367.2,5040,10,0.28,16541075,463478,1,32477,Interval
Sun Jun 27 10:17:09 CEST 2021,5,73747,2002,6622,3367.2,5040,10,0.28,16541075,463478,1,32477,Interval
Sun Jun 27 10:17:11 CEST 2021,5,75404,2002,6622,3367.2,5040,10,0.28,16541075,463478,1,32477,Interval
Sun Jun 27 10:17:12 CEST 2021,5,76808,2002,6622,3367.2,5040,10,0.28,16541075,463478,1,32477,Interval
Sun Jun 27 10:17:13 CEST 2021,5,77959,2002,6622,3367.2,5040,10,0.28,16541075,463478,1,32477,Interval
Sun Jun 27 10:17:18 CEST 2021,0,78973,2002,6622,3367.2,5040,10,0.28,16541075,463478,1,32477,Interval
Sun Jun 27 10:17:19 CEST 2021,0,83719,2002,6622,3367.2,5040,10,0.28,16541075,463478,1,32477,Interval
Sun Jun 27 10:17:20 CEST 2021,0,84742,2002,6622,3367.2,5040,10,0.28,16541075,463478,1,32477,Interval
Sun Jun 27 10:17:20 CEST 2021,5,85184,2002,6686,3327.54,2931,11,0.2,18210407,338187,1,36603,Finished
