date,threads,elapsed,min,max,avg,last,cnt,tps,bytes,bps,err,reason,remove
Sun Jun 27 10:15:55 CEST 2021,5,1000,0,0,0.0,0,0,0.0,0,0,0,0,Interval
Sun Jun 27 10:15:56 CEST 2021,5,2010,0,0,0.0,0,0,0.0,0,0,0,0,Interval
Sun Jun 27 10:15:57 CEST 2021,5,3012,0,0,0.0,0,0,0.0,0,0,0,0,Interval
Sun Jun 27 10:15:58 CEST 2021,5,4012,0,0,0.0,0,0,0.0,0,0,0,0,Interval
Sun Jun 27 10:15:59 CEST 2021,5,5013,0,0,0.0,0,0,0.0,0,0,0,0,Interval
Sun Jun 27 10:16:00 CEST 2021,5,6015,0,0,0.0,0,0,0.0,0,0,0,0,Interval
Sun Jun 27 10:16:01 CEST 2021,5,7029,0,0,0.0,0,0,0.0,0,0,0,0,Interval
Sun Jun 27 10:16:02 CEST 2021,5,8029,0,0,0.0,0,0,0.0,0,0,0,0,Interval
Sun Jun 27 10:16:03 CEST 2021,5,9029,0,0,0.0,0,0,0.0,0,0,0,0,Interval
Sun Jun 27 10:16:04 CEST 2021,5,10030,0,0,0.0,0,0,0.0,0,0,0,0,Interval
Sun Jun 27 10:16:05 CEST 2021,5,11030,0,0,0.0,0,0,0.0,0,0,0,0,Interval
Sun Jun 27 10:16:06 CEST 2021,5,12030,0,0,0.0,0,0,0.0,0,0,0,0,Interval
Sun Jun 27 10:16:07 CEST 2021,5,13031,0,0,0.0,0,0,0.0,0,0,0,0,Interval
Sun Jun 27 10:16:08 CEST 2021,5,14034,0,0,0.0,0,0,0.0,0,0,0,0,Interval
Sun Jun 27 10:16:09 CEST 2021,5,15037,0,0,0.0,0,0,0.0,0,0,0,0,Interval
Sun Jun 27 10:16:10 CEST 2021,5,16039,0,0,0.0,0,0,0.0,0,0,0,0,Interval
Sun Jun 27 10:16:11 CEST 2021,5,17046,0,0,0.0,0,0,0.0,0,0,0,0,Interval
Sun Jun 27 10:16:12 CEST 2021,5,18076,0,0,0.0,0,0,0.0,0,0,0,0,Interval
Sun Jun 27 10:16:13 CEST 2021,5,19077,0,0,0.0,0,0,0.0,0,0,0,0,Interval
Sun Jun 27 10:16:17 CEST 2021,5,23689,0,0,0.0,0,0,0.0,0,0,0,0,Interval
Sun Jun 27 10:16:18 CEST 2021,5,24694,0,0,0.0,0,0,0.0,0,0,0,0,Interval
Sun Jun 27 10:16:19 CEST 2021,5,25702,0,0,0.0,0,0,0.0,0,0,0,0,Interval
Sun Jun 27 10:16:20 CEST 2021,5,26708,9302,28463,18882.5,18459,2,0.1,3297876,172510,0,37765,Interval
Sun Jun 27 10:16:21 CEST 2021,5,27717,9163,28469,19875.66,21862,3,0.13,4946814,218363,0,59627,Interval
Sun Jun 27 10:16:22 CEST 2021,5,28718,9163,28469,19875.66,21862,3,0.13,4946814,218363,0,59627,Interval
Sun Jun 27 10:16:23 CEST 2021,5,29722,9163,28469,19875.66,21862,3,0.13,4946814,218363,0,59627,Interval
Sun Jun 27 10:16:24 CEST 2021,5,30725,9163,28469,19875.66,21862,3,0.13,4946814,218363,0,59627,Interval
Sun Jun 27 10:16:25 CEST 2021,5,31733,1764,34210,19295.5,17555,4,0.21,6597860,357027,0,77182,Interval
Sun Jun 27 10:16:26 CEST 2021,5,32734,1764,34381,18967.8,17657,5,0.27,8248906,445959,0,94839,Interval
Sun Jun 27 10:16:27 CEST 2021,5,33734,1764,34381,18967.8,17657,5,0.27,8248906,445959,0,94839,Interval
Sun Jun 27 10:16:28 CEST 2021,5,34735,1764,34381,18967.8,17657,5,0.27,8248906,445959,0,94839,Interval
Sun Jun 27 10:16:29 CEST 2021,5,35743,1764,34381,18967.8,17657,5,0.27,8248906,445959,0,94839,Interval
Sun Jun 27 10:16:30 CEST 2021,5,36747,1764,34381,18967.8,17657,5,0.27,8248906,445959,0,94839,Interval
Sun Jun 27 10:16:32 CEST 2021,5,37771,1763,34804,16395.0,3531,6,0.19,9904865,320805,0,98370,Interval
Sun Jun 27 10:16:33 CEST 2021,5,38772,1763,34804,16395.0,3531,6,0.19,9904865,320805,0,98370,Interval
Sun Jun 27 10:16:34 CEST 2021,5,39776,1762,35466,13314.25,4214,8,0.25,13216785,414033,0,106514,Interval
Sun Jun 27 10:16:35 CEST 2021,5,40779,1760,35478,12099.33,2380,9,0.26,14872814,435552,0,108894,Interval
Sun Jun 27 10:16:36 CEST 2021,5,41780,1760,35478,12099.33,2380,9,0.26,14872814,435552,0,108894,Interval
Sun Jun 27 10:16:37 CEST 2021,5,42781,1760,35478,12099.33,2380,9,0.26,14872814,435552,0,108894,Interval
Sun Jun 27 10:16:39 CEST 2021,5,45010,1760,35478,12099.33,2380,9,0.26,14872814,435552,0,108894,Interval
Sun Jun 27 10:16:40 CEST 2021,5,46016,1760,35478,12099.33,2380,9,0.26,14872814,435552,0,108894,Interval
Sun Jun 27 10:16:41 CEST 2021,5,47163,1760,35478,12099.33,2380,9,0.26,14872814,435552,0,108894,Interval
Sun Jun 27 10:16:42 CEST 2021,5,48482,1760,35478,12099.33,2380,9,0.26,14872814,435552,0,108894,Interval
Sun Jun 27 10:16:43 CEST 2021,5,49482,1760,35478,12099.33,2380,9,0.26,14872814,435552,0,108894,Interval
Sun Jun 27 10:16:44 CEST 2021,5,50483,1760,35478,12099.33,2380,9,0.26,14872814,435552,0,108894,Interval
Sun Jun 27 10:16:45 CEST 2021,5,51488,1760,35478,12099.33,2380,9,0.26,14872814,435552,0,108894,Interval
Sun Jun 27 10:16:46 CEST 2021,5,52489,1760,35814,11297.4,4080,10,0.27,16534956,451725,0,112974,Interval
Sun Jun 27 10:16:47 CEST 2021,5,53515,1760,35814,11297.4,4080,10,0.27,16534956,451725,0,112974,Interval
Sun Jun 27 10:16:48 CEST 2021,5,54548,1760,35814,11297.4,4080,10,0.27,16534956,451725,0,112974,Interval
Sun Jun 27 10:16:49 CEST 2021,5,55599,1617,35993,9879.08,2742,12,0.28,19860875,471821,0,118549,Interval
Sun Jun 27 10:16:50 CEST 2021,5,56607,1617,36163,9381.3,3408,13,0.29,21524125,488463,0,121957,Interval
Sun Jun 27 10:16:51 CEST 2021,5,57612,1617,36163,9381.3,3408,13,0.29,21524125,488463,0,121957,Interval
Sun Jun 27 10:16:52 CEST 2021,5,58613,1500,36163,8909.5,2776,14,0.32,23188415,544623,0,124733,Interval
Sun Jun 27 10:16:53 CEST 2021,5,59615,1500,36163,8909.5,2776,14,0.32,23188415,544623,0,124733,Interval
Sun Jun 27 10:16:54 CEST 2021,5,60616,1500,36163,8909.5,2776,14,0.32,23188415,544623,0,124733,Interval
Sun Jun 27 10:16:55 CEST 2021,5,61629,1500,36163,8909.5,2776,14,0.32,23188415,544623,0,124733,Interval
Sun Jun 27 10:16:56 CEST 2021,5,62631,1500,36163,8909.5,2776,14,0.32,23188415,544623,0,124733,Interval
Sun Jun 27 10:16:57 CEST 2021,5,63633,1500,36163,8909.5,2776,14,0.32,23188415,544623,0,124733,Interval
Sun Jun 27 10:16:58 CEST 2021,5,64635,1500,36163,8909.5,2776,14,0.32,23188415,544623,0,124733,Interval
Sun Jun 27 10:16:59 CEST 2021,5,65638,1500,36163,8909.5,2776,14,0.32,23188415,544623,0,124733,Interval
Sun Jun 27 10:17:02 CEST 2021,5,68233,1500,36163,8909.5,2776,14,0.32,23188415,544623,0,124733,Interval
Sun Jun 27 10:17:03 CEST 2021,5,69265,1500,36163,8909.5,2776,14,0.32,23188415,544623,0,124733,Interval
Sun Jun 27 10:17:04 CEST 2021,5,70552,1500,36163,8909.5,2776,14,0.32,23188415,544623,0,124733,Interval
Sun Jun 27 10:17:05 CEST 2021,5,71687,1500,36163,8909.5,2776,14,0.32,23188415,544623,0,124733,Interval
Sun Jun 27 10:17:07 CEST 2021,5,73174,1500,36163,8909.5,2776,14,0.32,23188415,544623,0,124733,Interval
Sun Jun 27 10:17:08 CEST 2021,5,74251,1500,36163,8909.5,2776,14,0.32,23188415,544623,0,124733,Interval
Sun Jun 27 10:17:10 CEST 2021,5,75829,1500,36163,8909.5,2776,14,0.32,23188415,544623,0,124733,Interval
Sun Jun 27 10:17:11 CEST 2021,5,76933,1500,36163,8909.5,2776,14,0.32,23188415,544623,0,124733,Interval
Sun Jun 27 10:17:12 CEST 2021,5,78180,1500,36163,8909.5,2776,14,0.32,23188415,544623,0,124733,Interval
Sun Jun 27 10:17:13 CEST 2021,5,79250,1500,36163,8909.5,2776,14,0.32,23188415,544623,0,124733,Interval
Sun Jun 27 10:17:14 CEST 2021,5,80259,1500,36163,8909.5,2776,14,0.32,23188415,544623,0,124733,Interval
Sun Jun 27 10:17:18 CEST 2021,5,84188,1500,36163,8909.5,2776,14,0.32,23188415,544623,0,124733,Interval
Sun Jun 27 10:17:19 CEST 2021,5,85235,1500,36163,8909.5,2776,14,0.32,23188415,544623,0,124733,Interval
Sun Jun 27 10:17:20 CEST 2021,5,86250,1500,36163,8909.5,2776,14,0.32,23188415,544623,0,124733,Interval
Sun Jun 27 10:17:21 CEST 2021,5,87251,1500,36163,8909.5,2776,14,0.32,23188415,544623,0,124733,Interval
Sun Jun 27 10:17:22 CEST 2021,5,88268,1500,36163,8909.5,2776,14,0.32,23188415,544623,0,124733,Interval
Sun Jun 27 10:17:23 CEST 2021,5,89303,1500,36163,8909.5,2776,14,0.32,23188415,544623,0,124733,Interval
Sun Jun 27 10:17:24 CEST 2021,5,90339,1500,36163,8909.5,2776,14,0.32,23188415,544623,0,124733,Interval
Sun Jun 27 10:17:25 CEST 2021,5,90939,1500,36163,8909.5,2776,14,0.32,23188415,544623,1,124733,Finished
